255 255 255 255 255 255 255 255 255 255 255 255 255 255 255 255
255 255 255 255 248 249 247 247 254 251 255 248 255 255 255 255
255 255 123 146  24  56  86  29 244 221 112  24 146 123 255 255
255 255 146 165  24 137  71 111 111 129 174  24 165 146 255 255
255 248  24  24  46 255 120 219 199 108 255  46  24  24 248 255
255 249 199 174 236 211 120  87 208  93  99  74 174 255 255 255
255 247  97  71 132  56  56 141 255 255 229  13 206 120 251 255
255 247 183 128 215  78 135 188  40 215  56  24 239   0 247 255
255 254  89 215 215 246  21 188 221 101  56 219 239 155 247 255
255 251 124  49 121 229 191 101   0 127 255 132  80  38 251 255
255 255 112 137 236  56 132  56 224   0  56 236 141  56 253 255
255 248  24  24  46 255 120 219 219 108  74  46 104 166 247 255
255 255 146 165  24 255  80  24 111 200 222 241  42 255 255 255
255 255 123 146  24 255 217 166 226  72   0 231 138 103 253 255
255 255 255 255 248 255 251 248 255 255 247 254 250 253 255 255
255 255 255 255 255 255 255 255 255 255 255 255 255 255 255 255
255 255 255 255 255 255 255 255 255 255 255 255 255 255 255 255
255 255 255 255 248 249 247 247 254 251 255 248 255 255 255 255
255 255 123 146  24  56  86  29 244 221 112  24 146 123 255 255
255 255 146 165  24 137  71 111 111 129 174  24 165 146 255 255
255 248  24  24  46 255 120 219 199 108 255  46  24  24 248 255
255 249 199 174 236 211 120  87 208  93  99  74 174 255 255 255
255 247  97  71 132  56  56 141 255 255 229  13 206 120 251 255
255 247 183 128 215  78 135 188  40 215  56  24 239   0 247 255
255 254  89 215 215 246  21 188 221 101  56 219 239 155 247 255
255 251 124  49 121 229 191 101   0 127 255 132  80  38 251 255
255 255 112 137 236  56 132  56 224   0  56 236 141  56 253 255
255 248  24  24  46 255 120 219 219 108  74  46 104 166 247 255
255 255 146 165  24 255  80  24 111 200 222 241  42 255 255 255
255 255 123 146  24 255 217 166 226  72   0 231 138 103 253 255
255 255 255 255 248 255 251 248 255 255 247 254 250 253 255 255
255 255 255 255 255 255 255 255 255 255 255 255 255 255 255 255
255 255 255 255 255 255 255 255 255 255 255 255 255 255 255 255
255 255 255 255 248 249 247 247 254 251 255 248 255 255 255 255
255 255 123 146  24  56  86  29 244 221 112  24 146 123 255 255
255 255 146 165  24 137  71 111 111 129 174  24 165 146 255 255
255 248  24  24  46 255 120 219 199 108 255  46  24  24 248 255
255 249 199 174 236 211 120  87 208  93  99  74 174 255 255 255
255 247  97  71 132  56  56 141 255 255 229  13 206 120 251 255
255 247 183 128 215  78 135 188  40 215  56  24 239   0 247 255
255 254  89 215 215 246  21 188 221 101  56 219 239 155 247 255
255 251 124  49 121 229 191 101   0 127 255 132  80  38 251 255
255 255 112 137 236  56 132  56 224   0  56 236 141  56 253 255
255 248  24  24  46 255 120 219 219 108  74  46 104 166 247 255
255 255 146 165  24 255  80  24 111 200 222 241  42 255 255 255
255 255 123 146  24 255 217 166 226  72   0 231 138 103 253 255
255 255 255 255 248 255 251 248 255 255 247 254 250 253 255 255
255 255 255 255 255 255 255 255 255 255 255 255 255 255 255 255

255 255 255 255 255 255 255 255 255 255 255 255 255 255 255 255
255 255 255 255 248 255 251 247 247 251 253 247 255 253 255 255
255 255 123 146  24 255 120   0 155  38  56 166 255 103 253 255
255 255 146 165  24 174 206 239 239  80 141 104  42 138 250 255
255 248  24  24  46  74  13  24 219 132 236  46 241 231 254 255
255 255 112 174 255  99 229  56  56 255  56  74 222   0 247 255
255 251 221 129 108  93 255 215 101 127   0 108 200  72 255 255
255 254 244 111 199 208 255  40 221   0 224 219 111 226 255 255
255 247  29 111 219  87 141 188 188 101  56 219  24 166 248 255
255 247  86  71 120 120  56 135  21 191 132 120  80 217 251 255
255 249  56 137 255 211  56  78 246 229  56 255 255 255 255 255
255 248  24  24  46 236 132 215 215 121 236  46  24  24 248 255
255 255 146 165  24 174  71 128 215  49 137  24 165 146 255 255
255 255 123 146  24 199  97 183  89 124 112  24 146 123 255 255
255 255 255 255 248 249 247 247 254 251 255 248 255 255 255 255
255 255 255 255 255 255 255 255 255 255 255 255 255 255 255 255
255 255 255 255 255 255 255 255 255 255 255 255 255 255 255 255
255 255 255 255 248 255 251 247 247 251 253 247 255 253 255 255
255 255 123 146  24 255 120   0 155  38  56 166 255 103 253 255
255 255 146 165  24 174 206 239 239  80 141 104  42 138 250 255
255 248  24  24  46  74  13  24 219 132 236  46 241 231 254 255
255 255 112 174 255  99 229  56  56 255  56  74 222   0 247 255
255 251 221 129 108  93 255 215 101 127   0 108 200  72 255 255
255 254 244 111 199 208 255  40 221   0 224 219 111 226 255 255
255 247  29 111 219  87 141 188 188 101  56 219  24 166 248 255
255 247  86  71 120 120  56 135  21 191 132 120  80 217 251 255
255 249  56 137 255 211  56  78 246 229  56 255 255 255 255 255
255 248  24  24  46 236 132 215 215 121 236  46  24  24 248 255
255 255 146 165  24 174  71 128 215  49 137  24 165 146 255 255
255 255 123 146  24 199  97 183  89 124 112  24 146 123 255 255
255 255 255 255 248 249 247 247 254 251 255 248 255 255 255 255
255 255 255 255 255 255 255 255 255 255 255 255 255 255 255 255
255 255 255 255 255 255 255 255 255 255 255 255 255 255 255 255
255 255 255 255 248 255 251 247 247 251 253 247 255 253 255 255
255 255 123 146  24 255 120   0 155  38  56 166 255 103 253 255
255 255 146 165  24 174 206 239 239  80 141 104  42 138 250 255
255 248  24  24  46  74  13  24 219 132 236  46 241 231 254 255
255 255 112 174 255  99 229  56  56 255  56  74 222   0 247 255
255 251 221 129 108  93 255 215 101 127   0 108 200  72 255 255
255 254 244 111 199 208 255  40 221   0 224 219 111 226 255 255
255 247  29 111 219  87 141 188 188 101  56 219  24 166 248 255
255 247  86  71 120 120  56 135  21 191 132 120  80 217 251 255
255 249  56 137 255 211  56  78 246 229  56 255 255 255 255 255
255 248  24  24  46 236 132 215 215 121 236  46  24  24 248 255
255 255 146 165  24 174  71 128 215  49 137  24 165 146 255 255
255 255 123 146  24 199  97 183  89 124 112  24 146 123 255 255
255 255 255 255 248 249 247 247 254 251 255 248 255 255 255 255
255 255 255 255 255 255 255 255 255 255 255 255 255 255 255 255

255 255 255 255 255 255 255 255 255 255 255 255 255 255 255 255
255 250 218 213 167 149 246 200 244 209 170 166 159 157 215 255
255 188 125 136 162  20  89 136 123 175 147  66 102 102 159 255
255 221 177  52 129 170 121  86 132  78 176  72 112 113 159 255
255 228 138  66 121  72 114 206 203 132 235  84  84  80 181 255
255 242  88 101 113  66   7 139 106 148 147 140 181 149 255 255
255 249  88  80 153 160 119  65 149 200 168 108  50 102 219 255
255 229 156 153 204  45 116 194 186 122 202 141 132 103 241 255
255 185  46 186 132 166 119  31 141 105  59 150 140 169 246 255
255 211 129 193  76 195 204 205 124  65  77 117 123 122 248 255
255 174 171 107 137 122  70 179  49  72 155 149 144 111 174 255
255 166  67  70  84 145  98 137 157  97 185  77  72  65 174 255
255 159 102 112  79 115  95  95  63  94 134  70 105 107 159 255
255 157 102 113  71  76 168 196  80  86  80  67 107 105 159 255
255 215 159 159 177 170 159 225 223 198 219 174 159 159 219 255
255 255 255 255 255 255 255 255 255 255 255 255 255 255 255 255
255 255 255 255 255 255 255 255 255 255 255 255 255 255 255 255
255 250 218 213 167 149 246 200 244 209 170 166 159 157 215 255
255 188 125 136 162  20  89 136 123 175 147  66 102 102 159 255
255 221 177  52 129 170 121  86 132  78 176  72 112 113 159 255
255 228 138  66 121  72 114 206 203 132 235  84  84  80 181 255
255 242  88 101 113  66   7 139 106 148 147 140 181 149 255 255
255 249  88  80 153 160 119  65 149 200 168 108  50 102 219 255
255 229 156 153 204  45 116 194 186 122 202 141 132 103 241 255
255 185  46 186 132 166 119  31 141 105  59 150 140 169 246 255
255 211 129 193  76 195 204 205 124  65  77 117 123 122 248 255
255 174 171 107 137 122  70 179  49  72 155 149 144 111 174 255
255 166  67  70  84 145  98 137 157  97 185  77  72  65 174 255
255 159 102 112  79 115  95  95  63  94 134  70 105 107 159 255
255 157 102 113  71  76 168 196  80  86  80  67 107 105 159 255
255 215 159 159 177 170 159 225 223 198 219 174 159 159 219 255
255 255 255 255 255 255 255 255 255 255 255 255 255 255 255 255
255 255 255 255 255 255 255 255 255 255 255 255 255 255 255 255
255 250 218 213 167 149 246 200 244 209 170 166 159 157 215 255
255 188 125 136 162  20  89 136 123 175 147  66 102 102 159 255
255 221 177  52 129 170 121  86 132  78 176  72 112 113 159 255
255 228 138  66 121  72 114 206 203 132 235  84  84  80 181 255
255 242  88 101 113  66   7 139 106 148 147 140 181 149 255 255
255 249  88  80 153 160 119  65 149 200 168 108  50 102 219 255
255 229 156 153 204  45 116 194 186 122 202 141 132 103 241 255
255 185  46 186 132 166 119  31 141 105  59 150 140 169 246 255
255 211 129 193  76 195 204 205 124  65  77 117 123 122 248 255
255 174 171 107 137 122  70 179  49  72 155 149 144 111 174 255
255 166  67  70  84 145  98 137 157  97 185  77  72  65 174 255
255 159 102 112  79 115  95  95  63  94 134  70 105 107 159 255
255 157 102 113  71  76 168 196  80  86  80  67 107 105 159 255
255 215 159 159 177 170 159 225 223 198 219 174 159 159 219 255
255 255 255 255 255 255 255 255 255 255 255 255 255 255 255 255

255 255 255 255 255 255 255 255 255 255 255 255 255 255 255 255
255 215 158 159 175 253 214 241 239 244 168 172 159 158 215 255
255 158 103 108  76 151 100  99 172 122 113  69 108 103 158 255
255 159 108 113  79 184  50 132 138 124 141  78 113 108 159 255
255 172  69  78  87 140 107 144 147 122 146  85  74  71 172 255
255 170 146 173 237 151 171 205  61  74 155 186 137  73 217 255
255 211 172  81 137 150 203 121 104  72  74  99  94  93 195 255
255 249 123 136 200 108 142 185 138 132  53 154  68  84 220 255
255 201 137  80 213 144  65 198  38 203 181 138  98 200 222 255
255 247  95 123 113   8 118 112 118 202  69  94  95 174 156 255
255 154  19 169  73  68 161  48 168 193 121 147 116  78 170 255
255 169 166 130 119 118 148 211 127  74 134  87  75  69 172 255
255 216 136  51  62 101  84 155 186 193 105  74 113 108 159 255
255 219 128 179 141  92  93 157  48 133 171  71 108 103 158 255
255 253 193 219 234 241 252 237 188 212 172 172 159 158 215 255
255 255 255 255 255 255 255 255 255 255 255 255 255 255 255 255
255 255 255 255 255 255 255 255 255 255 255 255 255 255 255 255
255 215 158 159 175 253 214 241 239 244 168 172 159 158 215 255
255 158 103 108  76 151 100  99 172 122 113  69 108 103 158 255
255 159 108 113  79 184  50 132 138 124 141  78 113 108 159 255
255 172  69  78  87 140 107 144 147 122 146  85  74  71 172 255
255 170 146 173 237 151 171 205  61  74 155 186 137  73 217 255
255 211 172  81 137 150 203 121 104  72  74  99  94  93 195 255
255 249 123 136 200 108 142 185 138 132  53 154  68  84 220 255
255 201 137  80 213 144  65 198  38 203 181 138  98 200 222 255
255 247  95 123 113   8 118 112 118 202  69  94  95 174 156 255
255 154  19 169  73  68 161  48 168 193 121 147 116  78 170 255
255 169 166 130 119 118 148 211 127  74 134  87  75  69 172 255
255 216 136  51  62 101  84 155 186 193 105  74 113 108 159 255
255 219 128 179 141  92  93 157  48 133 171  71 108 103 158 255
255 253 193 219 234 241 252 237 188 212 172 172 159 158 215 255
255 255 255 255 255 255 255 255 255 255 255 255 255 255 255 255
255 255 255 255 255 255 255 255 255 255 255 255 255 255 255 255
255 215 158 159 175 253 214 241 239 244 168 172 159 158 215 255
255 158 103 108  76 151 100  99 172 122 113  69 108 103 158 255
255 159 108 113  79 184  50 132 138 124 141  78 113 108 159 255
255 172  69  78  87 140 107 144 147 122 146  85  74  71 172 255
255 170 146 173 237 151 171 205  61  74 155 186 137  73 217 255
255 211 172  81 137 150 203 121 104  72  74  99  94  93 195 255
255 249 123 136 200 108 142 185 138 132  53 154  68  84 220 255
255 201 137  80 213 144  65 198  38 203 181 138  98 200 222 255
255 247  95 123 113   8 118 112 118 202  69  94  95 174 156 255
255 154  19 169  73  68 161  48 168 193 121 147 116  78 170 255
255 169 166 130 119 118 148 211 127  74 134  87  75  69 172 255
255 216 136  51  62 101  84 155 186 193 105  74 113 108 159 255
255 219 128 179 141  92  93 157  48 133 171  71 108 103 158 255
255 253 193 219 234 241 252 237 188 212 172 172 159 158 215 255
255 255 255 255 255 255 255 255 255 255 255 255 255 255 255 255
